17  3
19  17
3  20
19  5
13  7
2  11
6  4
11  20
20  20
20  20
4  15
20  20
20  3
10  16
17  6
3  1
9  3
19  13
16  18
20  11
14  16
1  8
17  5
19  14
14  8
16  15
15  10
8  9
14  4
4  7
15  16
1  7
6  18
1  3
2  20
17  17
14  3
7  16
20  10
1  14
9  3
8  5
16  2
16  1
4  9
10  10
9  10
13  16
15  19
16  17
6  15
14  1
14  15
4  13
3  10
10  16
20  12
7  18
12  17
5  1
16  17
6  17
11  19
14  9
18  9
20  12
11  4
3  16
3  5
6  17
17  20
6  7
17  6
5  1
19  5
7  19
4  17
6  20
13  16
10  20
8  2
17  16
12  12
11  15
19  14
6  14
16  8
16  12
8  5
12  11
2  9
2  8
11  12
16  8
19  20
3  4
12  8
10  8
1  15
7  8
